0.281968085106383
211 3 0 0 1 0 5 0 1 12 0 1 0 2 0 0 1 0 0 0 0 0 0 2 138 0 1 0 0 0 0 0 0 0 0 0 3 0 10 7 0 0 0 1 0 1 0 
0 388 0 0 0 0 1 2 0 5 0 0 0 0 0 0 0 0 0 0 0 2 0 0 0 0 0 0 0 0 0 0 0 0 0 0 0 0 1 0 0 0 0 0 0 1 0 
5 5 108 3 0 0 29 8 32 34 0 0 0 3 0 0 0 0 0 0 1 3 2 1 27 0 1 0 0 0 0 0 0 0 0 8 44 4 46 27 0 0 4 5 0 0 0 
10 12 2 159 0 1 12 5 15 132 0 4 0 3 0 0 0 0 0 0 0 0 0 0 4 1 0 0 2 0 0 0 0 0 0 0 2 2 20 12 0 1 1 0 0 0 0 
0 2 0 0 50 4 16 0 3 231 0 0 0 0 0 2 1 0 0 0 0 0 1 2 3 1 0 0 0 1 2 30 0 0 0 0 8 1 18 9 0 0 2 10 0 2 1 
5 8 1 7 1 137 48 1 20 56 0 3 0 0 0 6 4 0 0 0 0 0 1 0 2 0 0 0 9 0 0 0 2 0 0 1 0 2 13 27 0 0 3 0 3 40 0 
3 26 0 0 0 1 329 0 0 3 0 0 0 2 0 0 1 0 0 0 0 0 0 0 7 0 0 0 0 0 7 0 1 0 0 0 2 3 11 4 0 0 0 0 0 0 0 
0 19 6 3 1 0 0 120 2 223 0 1 0 5 0 1 0 0 0 0 0 0 0 0 0 6 0 0 0 3 0 1 0 0 0 0 0 0 0 1 0 0 0 2 1 5 0 
2 55 2 1 1 3 10 2 129 126 0 1 0 0 0 3 0 0 0 0 0 0 0 1 1 9 0 0 1 1 0 0 0 0 0 0 0 0 5 16 1 0 1 1 2 26 0 
1 29 0 0 3 0 0 1 5 338 0 0 0 0 0 0 0 0 0 0 0 0 0 0 1 3 2 0 0 0 0 0 0 0 0 0 1 0 0 4 0 1 0 2 5 4 0 
3 0 5 2 1 1 23 0 13 30 37 1 0 2 0 3 2 1 0 0 3 0 3 17 15 1 3 1 0 0 0 0 7 0 0 1 16 1 79 29 0 3 15 78 2 2 0 
21 0 4 14 0 3 30 0 77 33 2 52 0 13 1 2 2 4 0 0 3 0 7 3 17 1 3 1 2 0 2 0 0 0 0 2 4 15 32 23 0 10 3 8 6 0 0 
23 6 0 0 0 5 29 0 8 11 0 2 31 0 0 1 0 0 0 0 0 1 0 1 6 0 2 0 0 0 0 0 1 0 0 0 6 0 8 244 1 1 0 2 3 8 0 
75 3 6 9 0 0 17 1 11 28 0 0 0 108 0 0 1 1 0 0 0 0 0 2 57 8 3 0 0 0 2 0 3 0 0 4 3 30 2 6 0 6 2 11 0 1 0 
6 6 1 0 0 43 36 0 56 16 2 7 1 1 25 9 1 1 0 0 5 0 2 0 7 2 1 0 0 0 3 0 0 0 1 3 9 4 18 100 2 1 0 4 0 27 0 
0 38 0 0 0 10 27 0 15 110 1 0 0 2 0 17 0 0 0 1 1 0 1 0 2 72 0 1 0 0 2 0 1 0 0 0 1 0 14 12 6 4 1 7 0 53 1 
18 0 1 0 0 16 126 0 8 10 1 3 3 2 0 4 53 1 0 0 0 0 3 1 10 0 15 0 4 0 5 0 4 0 0 1 63 1 11 22 1 6 0 0 7 0 0 
2 4 0 0 6 2 13 0 39 50 5 2 0 0 0 5 0 29 1 1 1 0 4 53 7 3 2 2 0 0 5 28 8 0 3 0 10 0 45 21 1 3 16 23 2 4 0 
1 335 6 1 0 5 3 2 7 18 0 0 0 0 1 0 0 0 1 1 2 1 0 0 0 1 0 0 0 2 0 0 0 0 1 1 0 0 5 3 0 0 0 0 0 3 0 
14 45 4 17 0 66 23 13 13 52 0 4 0 0 1 6 0 0 1 11 0 0 1 0 6 1 0 0 0 24 0 1 1 0 1 2 1 2 69 8 1 2 0 1 1 8 0 
0 8 2 0 1 20 21 0 68 34 2 1 1 0 0 6 0 1 0 0 59 4 6 11 0 2 0 1 0 0 1 8 2 4 0 1 12 2 16 23 0 1 52 20 1 9 0 
1 290 0 0 0 0 37 0 0 11 0 0 2 1 2 0 0 0 1 0 1 9 0 1 0 1 0 0 0 0 6 0 2 0 0 2 3 4 12 8 0 0 5 0 0 1 0 
1 0 0 0 0 0 0 0 1 1 3 0 0 0 0 0 0 2 0 0 3 0 169 19 3 0 3 0 0 0 1 2 2 0 0 0 21 0 1 63 0 0 0 104 0 1 0 
6 1 0 0 2 3 2 0 17 11 1 3 0 4 0 2 0 2 0 0 1 0 8 91 55 3 1 1 0 1 4 27 6 0 0 0 7 0 45 32 1 1 1 57 0 4 0 
79 3 0 0 0 0 2 0 1 9 0 0 0 0 0 0 0 0 0 0 0 0 0 0 269 0 3 0 0 0 0 0 1 0 0 0 1 1 8 19 0 1 0 1 0 2 0 
2 30 0 0 0 0 1 1 27 108 1 0 0 6 0 9 0 0 0 0 0 0 3 1 7 141 1 0 0 1 1 0 1 0 0 0 1 0 6 2 0 0 0 6 0 44 0 
26 0 1 0 8 0 1 0 21 68 1 2 3 7 0 5 3 0 0 0 1 0 4 3 11 0 117 0 0 0 0 0 4 0 0 0 40 0 11 18 1 15 3 0 26 0 0 
1 2 2 0 0 0 6 0 55 30 3 4 1 0 3 0 1 2 0 0 22 2 2 11 4 0 4 18 0 2 4 1 0 2 1 3 19 1 45 100 0 4 10 24 9 2 0 
5 14 0 12 0 22 99 0 13 52 0 2 0 0 1 2 1 0 0 0 0 0 1 1 21 0 0 0 19 0 0 0 0 0 0 1 6 1 22 100 0 1 1 1 0 2 0 
0 9 0 0 0 6 0 40 2 26 0 0 0 0 0 5 0 1 0 1 0 0 2 1 0 16 0 0 0 167 0 0 1 0 0 0 0 0 1 5 0 0 0 2 0 115 0 
62 1 0 0 4 0 3 1 9 16 0 1 0 1 0 3 1 0 0 0 2 0 3 7 76 1 3 0 0 0 41 19 2 0 0 2 48 0 8 63 0 0 3 19 1 0 0 
2 10 1 0 3 0 3 1 2 102 0 0 0 0 0 1 0 0 0 0 1 0 1 0 4 8 0 0 0 2 0 139 0 0 0 2 1 1 3 17 0 0 0 5 0 91 0 
1 0 0 0 1 0 0 0 1 0 0 0 0 4 0 1 1 1 0 0 4 0 35 54 7 0 2 0 0 1 9 17 156 0 0 1 34 0 3 11 0 0 0 54 0 2 0 
0 29 4 1 2 1 19 2 51 88 1 2 0 0 1 0 1 0 1 0 5 3 1 1 0 3 0 0 0 2 0 29 1 53 5 1 9 0 9 28 0 1 21 15 2 8 0 
0 60 1 3 6 0 1 9 15 152 0 1 0 0 0 1 0 1 2 1 0 3 2 3 0 25 1 0 0 9 1 45 3 1 14 0 1 1 6 2 0 1 3 4 2 20 0 
1 3 94 7 0 4 11 2 36 19 0 1 0 3 3 0 0 1 0 1 8 3 8 1 0 1 1 0 1 0 0 0 1 2 1 40 17 3 8 73 0 0 9 35 0 2 0 
9 0 1 2 0 1 12 0 8 8 0 0 0 0 0 0 1 0 0 0 0 0 6 1 40 0 5 0 0 0 2 0 0 0 0 0 76 0 10 208 1 1 0 8 0 0 0 
2 26 2 1 0 0 233 0 0 37 2 1 0 4 0 0 0 0 0 0 0 0 3 1 5 0 0 0 0 0 1 0 0 0 0 0 2 45 22 1 0 0 9 2 1 0 0 
5 52 4 0 0 0 17 0 0 23 0 0 0 1 1 3 1 0 0 0 0 2 0 1 3 0 1 0 0 0 1 1 1 0 0 1 3 0 264 13 0 0 2 0 0 0 0 
1 0 0 0 0 1 1 0 2 5 0 0 1 0 2 0 0 0 0 0 1 0 0 0 5 1 1 0 0 0 0 0 0 0 0 0 6 0 1 359 0 0 0 2 0 11 0 
2 50 0 0 5 6 37 0 22 147 1 0 0 1 0 2 0 0 0 0 0 0 3 1 2 30 0 0 0 0 0 0 0 0 0 0 3 1 31 14 16 2 2 1 1 18 2 
3 32 0 4 0 1 13 0 31 212 0 1 0 1 0 5 1 0 0 0 0 0 1 0 7 5 4 0 0 0 1 0 0 0 1 0 12 1 22 13 1 6 3 7 10 2 0 
0 49 1 0 0 0 119 0 0 91 1 0 0 0 0 0 0 1 0 0 1 2 0 3 2 0 0 0 0 1 1 1 1 0 0 2 1 0 32 1 0 0 77 12 1 0 0 
13 0 2 0 1 0 6 0 0 7 1 0 0 0 0 0 0 0 0 0 0 0 3 5 43 2 4 0 0 0 0 1 0 0 0 0 9 0 2 36 0 0 2 260 0 3 0 
2 25 0 0 5 0 5 0 2 267 0 0 0 3 0 7 0 0 0 0 1 0 1 0 3 5 5 1 1 0 0 0 0 0 0 4 13 0 1 23 0 4 3 6 9 3 1 
4 7 0 0 0 0 5 0 5 9 0 0 1 0 0 0 0 0 0 0 2 0 0 0 1 2 0 0 0 0 0 1 0 0 0 0 0 0 1 6 0 0 0 10 0 346 0 
2 53 1 0 2 2 43 2 5 163 1 0 0 0 0 2 1 0 0 0 0 0 1 0 2 2 1 0 0 8 0 0 1 0 1 0 4 1 10 44 0 1 0 2 1 36 8 
